example/public/wind.json
{"header": { "lo1": 89.2, "la1": 31.43, "lo2": 103.2, "la2": 39.25, "dx": 0.35, "dy": -0.1955, "nx": 40, "ny": 40, "refTime": "", "parameterCategory": 2, "parameterNumber": 3 }, "data":
[rows 0 to 19 of 40, columns 0 to 39 of 40]
0.9971945794928059,0.975918195910836,0.9535119818761216,0.9312149257326818,0.9112849930218572,0.8972745972445113,0.8938531952963302,0.905642040014877,0.9349745878628424,-0.42650159167414853,-0.49796697331656836,-0.7083351034021478,-0.7105777854686511,-0.7279772252094148,-0.8970370768288161,0.3457095095625819,0.23392565488241815,0.3595295838187595,-0.13727212446519,-0.3567658465074799,1.5706167458230489,0.7322773926660886,0.7322773926660886,3.326055506553972,3.5145505961438404,3.631138203176149,3.679594405328118,-0.11969770751499047,-0.11969770751499047,-0.11969770751499047,0.4649857737789245,0.3992543430010601,0.3284824745322785,0.2979638333836858,-0.09790680278426993,-0.0984521338967384,-0.09990393636609649,-0.10151323660278622,-0.5468832182839946,-0.5753996254681699
0.9916558975652146,0.9677716853349403,0.941851265537542,0.9150107837044434,0.8896288987533005,0.8699232950195493,0.8620687091247486,0.8728613626351222,0.9063289138405755,-0.410184202075239,-0.49096773817303796,-0.6271419110990923,-0.7177014252428858,-0.716739403038761,-0.5253535781017604,0.28751186467366174,0.42911295126942994,0.39948664433158265,-0.09164324115442676,0.03693811123224426,1.582278426351067,0.7322773926660886,1.2861112865880628,3.2918128517741505,3.568321921727488,3.6977019986637965,3.7309692985006513,-0.11969770751499047,-0.11969770751499047,-0.11969770751499045,0.46221528631295467,0.40915980537316243,0.33324648284327585,0.2917079104267011,-0.09512592620051594,-0.09652066907983921,-0.09875467586996567,-0.5242609633257614,-0.5682316156628351,-0.5950749004659757
0.9869700452049023,0.9604074948692943,0.930696751713365,0.8986709506832455,0.8666408547991689,0.8394171234543278,0.8250472506316577,0.8335749532171719,0.871970394203869,0.9374989655624667,-0.4806451131056435,-0.6327128000436671,-0.7264407068515966,-0.7279184585106314,-0.8257688831381947,-0.20596024087262257,0.3246724902597781,0.4051913163272209,-0.1933181187342078,0.6225949569561956,1.4675333059292528,0.7322773926660886,1.1427661178671389,3.25277762824002,3.6776422175509684,3.792535218284597,3.7919424385147926,-0.11969770751499047,-0.11969770751499047,-0.11969770751499048,0.45524719481725484,0.42372519743198966,0.33957679784804634,-0.09228831352175436,-0.0914407317448172,-0.09436006343164453,-0.0976585655852509,-0.5522249449256921,-0.5948372941055876,-0.944210709573068
0.9834017977944411,0.9541923424908992,0.9205250654764541,0.8827360523941044,0.8427492917003337,0.8056909202858531,0.7817645361311917,0.7858253880710532,0.8300613633227242,0.9116786879690018,-0.4658541388333807,-0.6378705524370993,-0.7369304202820839,-0.7435301931904579,-0.7297905621516413,-0.3174595835780093,-0.2631163703381538,0.23547447431813023,1.2491665239881111,-4.380494844313984,0.6476177878013999,0.7322773926660886,1.1349383420078156,3.2415395101072013,3.894496284394773,3.916031947080891,3.8580935839984325,-0.11969770751499048,-0.11969770751499047,-0.11969770751499047,0.4390583681563852,0.2990312402245247,0.3481282541016235,-0.08544916724968482,-0.08660869934519683,-0.09215574939444705,-0.5153279425259077,-0.5896316826094745,-0.9506830787787487,-0.943767198907226
0.9812398731739014,0.949553810853826,0.9119431096013604,0.8679887663066683,0.818750659937109,0.7690408039478753,0.7311510011194574,0.7268949237883157,0.7779225398407618,0.8822569677444938,-0.4453221008918344,-0.6416808687196527,-0.7487994933942442,-0.7657080534909858,-0.7518470535806074,-0.31025060791946363,-0.32970798714970095,-0.8896341246888633,-0.33085101943423817,-2.8486088457535703,0.5201794499961896,1.2861112865880628,1.0886762470903593,3.444936467887403,4.257867652549419,4.049800547880456,2.2030748788910786,-1.4630560725268669,-0.11969770751499047,-0.11969770751499047,-0.1523668840555312,0.35922973428444016,0.3589499688556555,-0.07304955985550092,-0.08075090783936976,-0.09035521315631388,-0.5697579086720014,-0.9609856095395791,-0.9505272564931593,-0.9427843929246533
0.9807832558482273,0.9469652796678603,0.9056847492763904,0.8554990288839869,0.7959755494020333,0.7304642450021158,0.6723771647399696,0.6530016678248725,0.7115328287436791,0.8493041417372335,-0.4179671685156288,-0.23525328433789092,-0.41623476243033897,-0.7969159742934254,-0.7900751081692774,-0.4579836049249607,-0.2717535205765052,-0.6420597470107416,-0.8110432733111635,-0.5451025990515846,-0.8499628546417388,0.38535544298889274,1.8221005609154335,5.986102046303138,4.598222009391054,2.6426304511112524,1.9568942489440444,-1.5037287958825354,-1.440369773983907,-0.11969770751499045,-0.1515724390145795,0.455997827222104,0.3617175845301991,-0.047497574302301074,-0.07554533988513433,-0.5021168579026063,-0.6477571169540434,-0.9619175558807914,-0.9494802611263589,-0.9410961011184186
0.9823205493104563,0.946918356384025,0.9025828194977045,0.8466347793758525,0.7764622403222802,0.6922069003514001,0.6056026770892134,0.5589927739663486,0.6247019933371394,0.8142509970611463,1.031027637025256,-0.18621603347913684,-0.40970536297674504,-0.8365561365424019,-0.8616257072057762,-0.5281651574040204,-0.14589627295238095,-0.07477416745141534,0.9473330067822482,0.4272276101087011,-0.40141127053399217,-0.6346874536759932,-0.8366742917388956,5.0791268468267035,3.072243887769899,1.1224301094275473,-2.754592572846495,-1.557810967372927,-1.5644565399476398,-0.11969770751499047,-0.15036562601303835,0.3506203949145429,0.07652123902162797,-0.007029776598591571,-0.07578397404661132,-0.6387254548227557,-0.9835107251836914,-0.9613429383696226,-0.9471364275794076,-0.9385365804383778
0.9861042991189619,0.9498787475839685,0.9035036149249335,0.8430017090122105,0.7630558682187804,0.6585123328903087,0.5337552177101992,0.4384867824597476,0.5078273399402223,0.7825745327485746,1.0760678866028677,-0.09690637746147765,-0.35428308708397865,-0.7328261728521268,-1.0026550214810206,-0.6808086346992992,-0.5635411601200945,1.1497059972772394,1.6557947231284875,-0.1547002045997066,-0.9632599922869683,-1.0307759924615774,0.8885147695557809,0.7248250922223667,0.25262026863013076,0.2463700435089151,-1.2438624172755648,-2.754592572846495,-1.7594928027737342,-1.8312612284023024,-0.9088385672794169,-0.1472999061341872,0.3114351119336452,-0.0665493676226113,-0.5083493980530487,-1.028764316051116,-0.986497592170991,-0.9580665004554163,-0.9430574792788508,-0.934982062707264
0.9923206010118857,0.9562283053861635,0.9092400692506537,0.8462700701213581,0.7592754943839014,0.6363014793815438,0.46625693063027096,0.28666314179971025,0.3472140739157643,0.7716045320908335,1.1707767265743478,0.048518710158218424,-0.2072335722666692,-0.644534645041229,-0.8801027582812925,-0.611793149619029,-0.13544402133032488,0.5910093414066105,0.8272022953693883,-0.43939495996902483,-1.1132304746729789,0.6517320477928454,1.4855674311179132,-2.5995126986111194,-2.4930995151944337,-2.4021022984249676,-0.9773036546688079,-1.2462021794740075,-1.724853837427897,-2.0707738736481027,-1.1701843672696872,-0.5656752172564163,0.3425605707736381,0.625512094016532,-1.3445960023357308,-1.0559702814152887,-0.983099204620212,-0.950569012171799,-0.9369212363057836,-0.9304110920529706
1.0010589031469102,0.9662012414456185,0.920370223825293,0.8578703439512326,0.7687499486128153,0.6349081339224045,0.42461694872655825,0.11708439362122545,0.13611245223876617,0.8329394500718633,1.3547967216090069,1.4619802106382989,0.08324671837754345,-0.36720044559222703,-0.3242792540723741,-0.5382014753821016,0.17535475937476022,0.5910093414066105,0.6182208824355879,-0.26430838051485767,-0.0925316177967855,1.0132292771554199,-1.0430301154112696,-2.6522663333457936,-2.4055941046194405,-2.0446421199876514,-0.04445914850556789,-0.04445914850556789,-1.179753039890554,-0.22414680276776594,-0.6786923490256492,-1.337316176939314,-0.9405343261534238,-0.013903524898431528,-1.3445960023357308,-1.0785071210668178,-0.965011595541551,-0.9377437347356532,-0.9287674080600499,-0.5435712690752069
1.0122883003208594,0.9798246241390328,0.9371090766804246,0.878598781915283,0.7941461525017262,0.6635183240268414,0.44271891009767367,0.038325438803591946,0.005865199372845748,1.1244082567803868,2.2831216997225816,2.346978177634791,0.5431004855800431,0.09972684354431349,-0.28743678394048494,-0.3037481617523111,-0.4254679167623185,-0.6152380075672139,0.547790278662773,0.9452641759818828,-0.4667839811882596,0.41422842963473194,1.8664234912333095,-1.5498618103041124,-2.260383132607986,-2.002478426144144,-0.04445914850556789,-0.04445914850556789,2.0787851301760543,0.9677992698308847,1.88877384373562,-1.103901648824906,-1.0760165902677,0.5158140999422337,-1.1308827400536758,-0.9847165144704617,-0.9262489670788463,-0.9203889385986044,-0.5366466675136603,-0.285386046765036
1.0258441173975392,0.9968825044482551,0.9591981587903431,0.9082620386037579,0.8359093565540796,0.7261734449058077,0.5458083845932903,0.24872802857734283,0.07183733529276042,2.1539831526314104,4.26738922426802,2.2542966999627607,1.2404005034894052,0.7795811395453334,0.017352954732620943,0.09696657207264865,-0.9799223954689551,-1.2936634782344794,-0.6879169183658062,0.3790544457898871,-0.4488940892450377,-0.7794231574744307,-0.3970404888371726,-1.71568996323164,-2.348156091903151,-2.6088638647978475,-0.04445914850556789,-0.04445914850556789,2.6260269541014396,1.9571715786069623,2.7735821497599162,0.0875075723541133,-2.84188838036574,0.2008508786178804,-0.6873480339487413,-0.7624702474612955,-0.8030572117309948,-0.3197590911787783,-0.275880215838133,-1.248453189975521
1.0414310090536218,1.0169133933698218,0.9858775394095376,0.9455280430662338,0.8915222808155082,0.8176569356416629,0.7210657193043414,0.6641066944935426,1.3806800943429762,3.858994856374201,4.314828743665733,2.197742553048446,1.3651596286406054,1.2046238807896734,1.1499972071747997,1.318248547549735,-0.3072062689249846,-1.586194665375392,-0.603122971016943,-0.14310392619979614,-0.05272540759586998,0.642223038246597,-1.926677104379457,-2.2704469069870687,-2.557830241791027,-2.5430912101813425,-0.5672178200645589,-0.04445914850556789,0.20607482808579167,0.14883537296504032,0.01823449375630148,0,-1.7190057001636099,-0.10201583380026907,-1.527928493034864,-1.5911045648171953,-0.3853349361235243,-0.2642813491345636,-1.1654886237386486,-1.2338870407891502
1.0586439619749324,1.0392485759609904,1.0159641764056695,0.9880987301908631,0.9559109962784653,0.9245252307722713,0.9224901279535896,1.0996530938779774,3.293595936551015,4.328486197629986,4.439642044336284,1.8070677202263825,1.4706037218307237,1.393456268896412,2.051952832855898,1.3625878762668746,0.29601416981212836,-0.8693271741139096,0.048916687572097294,0,-0.05272540759586998,0.10140551130536345,-1.287322242252566,-2.832099859633952,-2.7869817921488313,-2.8262634237658344,-2.0139662858661254,1.0769608957215049,-2.2259438001243277,-5.346044189779951,-0.16527052580771776,-0.3186953034307904,3.329080322955862,0.9927644335489992,-3.323928643422333,-1.1771820653162446,-1.3804677254614441,-1.0104900572301212,-1.1273632911889153,-1.2230717366139041
1.0770017814417117,1.0630860559583653,1.0480229580817306,1.0331652295623075,1.0228991615017697,1.031026452267505,1.1026495136026055,2.982559791853424,3.7638821277037104,4.78539689119126,3.7442296866876146,2.021616109887232,1.6124264548210367,1.9877723109812169,2.2011955520138584,1.7868370987083149,2.3364778500484604,-1.0479132334700054,0.4655088926917099,0.6370509233148604,-0.05272540759586998,0.39007090496372737,-1.535239632259707,-2.8548079841189953,-2.193879212012777,-2.9063951793341163,-2.1585783150572664,1.7144127560362181,1.884683834209263,-5.346044189779951,-0.184986574162108,1.151689429181767,1.191824020349625,0.1660364644478411,-2.63752132426298,-1.6459589228808782,-0.8256299327925442,-0.8578747829285437,-1.095404727514043,-1.1069714498773906
-1.1612344348805592,1.0875809736439968,1.0805790814176772,1.077967827785316,1.086914991543902,1.3804738532815966,2.9252633516888453,3.2395012862888057,4.521970583334352,4.3495521440739875,2.8630561490026354,2.828218346839022,1.8200087433226966,2.518978874061085,2.732588185235665,2.360850115064629,0.8185631801714978,-1.3694410865810802,0.8509916473792579,0.2356096800692148,-0.05272540759586998,0.4121689167761836,-3.78505320637591,-3.644708928675494,-2.412303244603166,-2.800307535831178,-4.418849435596126,0.5586046299143472,1.8558155034313528,-0.8064714286007326,-0.4943389029208496,1.6748916624557657,-0.3541614907684624,-1.1337677878665984,-0.5377042264665641,-2.2910009058234166,0.022136391228536032,-0.6954991847939023,-0.9786963175971388,-0.584727493053235
-1.2684737928318557,-1.214541951854154,-1.1379306590526457,1.372645407824171,1.4212545302385509,1.5305159997592033,3.0604098350695037,3.355741476690396,3.981272056649948,3.6014275408548495,2.428115081931167,2.281301687155724,2.7097147867553075,3.0730587807426146,2.9816870123814465,2.497330968243991,0.2569784314532838,-0.9477962993349044,0.9200453368845674,-2.257065786316815,-5.357201961594657,-3.569289596215809,-5.280317886272155,-4.935880692816521,-1.7906128495609275,-3.076324963932875,-4.4976549274330475,-1.3667892023411412,2.1997415930436546,-0.887762923546995,-0.5407307599330388,0.45758519876853015,-0.3459077213024872,0.45365930176861125,0.36947607428373536,-3.3902064314247373,-0.6785104988035864,-0.7699502383534019,-0.4876047581252413,-0.6938153291894726
-1.3866345122387367,-1.354610542369823,-1.3023561560758279,-1.2227291404237104,1.5147205935978745,2.991577196944507,3.143750196406166,3.8681413518595664,3.729404465682205,3.2707737508282984,2.29718243834018,1.8402111212891834,1.8046731935581097,2.678744588429389,3.9981844551351666,2.7674951175574605,0.3286169363449629,-0.7928937706192272,0.9210270393448436,-3.785685966659458,-5.357201961594656,-5.53620672643205,-5.6823662787701466,-5.864180912455169,-3.011268743653118,2.610297206410374,-4.425433315395619,-0.3704239483065023,2.3036518499831256,-0.8327166295225741,-0.6750379436402966,1.272105395832588,1.2366783641123846,0.873581160001986,-0.9321222715992201,-1.2699133152473996,-0.054903306640485476,-0.1118780713108227,-0.6719783103314364,-0.2351533722668057
-1.5138287287724237,-1.5084844066307812,-1.4877064205556303,-0.002649027069168993,0.32491361825590237,3.0488642996781983,3.8218296604459114,3.78596554757717,3.0924450888379322,2.745950228735991,1.8614905359369276,1.6913236282822919,0.0768859684289253,3.850692472166472,3.6916751542253574,3.1715880828150502,0.3486287283906793,-1.4509560159671915,-1.1135725322464158,-4.489412007287645,-5.357201961594656,-5.503216585417458,-5.638715588406491,-5.651589641577229,-3.8440944615032255,0.031711099860049476,-4.372024513475592,1.9362478419748124,2.3036518499831256,-0.2743086594856532,1.1982028682294124,4.744240631436424,1.3621990999969804,2.230602866618303,-2.5644736336215392,-1.458596135116225,-0.30129831021649645,-1.1849636118342266,-0.26782968548661634,-0.188124150356012
-2.010782916501325,-1.6724501555254485,-1.6892407314597424,-0.35447921144380157,0.9475185717300607,1.3352086981522957,1.444613543253565,3.0873959256874404,2.9147204899954207,2.583508757907124,1.7206221018144205,1.7099840613683879,-0.1761721765774121,4.368515276074687,3.1144861076068127,1.9581922723504914,-0.7610293437046413,-1.3995579400150617,-2.6450445573755883,-4.542526875982359,-5.047552249001627,-5.0357570499248325,-5.53031349385846,-5.056554114637114,-3.745110008066041,-3.1955899112256883,-1.6353190394178674,1.7017520524897816,1.5123265794911789,0.1219391854585212,0.5259115686120147,3.423810646690127,2.7184361990243504,0.39996065127070435,0.19266533458572963,0.42463339494251306,-0.3394597781355754,-2.7807198339068133,-0.32203333409103196,-0.20769702013233624
