example/public/wind.json
{"header": { "lo1": 89.2, "la1": 31.43, "lo2": 103.2, "la2": 39.25, "dx": 0.35, "dy": -0.1955, "nx": 40, "ny": 40, "refTime": "", "parameterCategory": 2, "parameterNumber": 3 }, "data":
[rows 20 to 39 of 40, columns 0 to 39 of 40]
-2.8923687881788047,-2.9474827289586063,-0.7420397849896092,-0.6932913339196365,0.2772420474568148,0.2022059345090179,0.7456691798751757,2.980292104134459,2.7992868237636004,1.6283780116812558,0.902412510216423,0.8759487769387638,-0.2975808609504492,6.277721148915867,0.4978340810048111,0.7470715190297453,-0.7641086437871902,-0.7026441107124636,-1.892470029978758,-3.8829015761515526,-3.8960705443946924,-2.405132812008893,-3.695338479165112,-3.9690122279964952,-3.266898681794897,-1.3633220719243386,-0.12154076996579251,1.7850896927949655,2.4891378950315497,0.12193918545852121,0,0,2.522527923024941,0.7335411686196549,0.6384839366412993,0,-0.4976337843277888,-3.9751023313876996,-0.530281401990787,-1.0000319059653064
-2.022014432269534,-2.9394326813043303,-3.0116174164044156,-1.6471574446605213,-0.006751464056989864,0.17202229493370436,-0.3954683416966786,-0.6262161825042267,1.5414325277134433,0.26589640006986826,0.267603736416212,-0.3426250742569131,-1.112273432022604,4.845339034562327,-2.53545257077144,0.9180003558491439,-0.7858713622185645,-0.6747328884856781,-0.6674051804530264,-3.1445326454603553,-1.795142958255571,-0.7723370658455538,-1.1537340742882367,-1.07852344866737,-0.09671330801852156,0.5144700167975974,0.5184811870235712,1.5696132594636658,2.656047724711182,2.656047724711182,1.214318826434904,0.2042277552379868,2.3658550103936578,0.49323561547279854,0.34316967178743124,-1.4613951727896834,0,3.1061765075287746,-0.5439575772278762,-0.013755915259911074
-2.0019745744532007,-2.9264347462349294,-3.009461043948853,-1.7942286633509577,-1.8136546287255146,-1.0723084512466834,-0.6366992389056014,0.07847413100021597,2.1536990824901694,0.06663635443672662,-0.3059888305742655,-1.7620260628257765,-2.0364671757056945,1.8522776156194467,2.32028183100156,1.5935438199338339,-0.8466131529119121,-0.6698311609497211,-1.2288382229230055,-0.9797425507986522,1.2177837823644622,0.7784364208260127,-1.1711603867877416,-1.0590103334912357,0.23284637063275254,0.47643385427300083,0.36701154050567203,1.5033789368050983,1.7082642815142115,2.5051926522537262,-1.3188422573819836,1.717754629695111,2.5784843140034996,-0.17900601478217495,0,4.150030853753891,-4.016253414371484,-4.011830795531481,-0.28793923628534046,0.0011806539557410003
-1.972993114898874,-2.0990870487052393,-3.001517173098562,-3.110886887238797,-2.0398283470280116,-1.4721614581638556,-0.976646376159582,0.006368434690420696,0.8232090121448786,-0.04108394813628814,-0.45079363340143974,-1.8603661504794051,-1.4824569091823048,-1.1524157692670927,1.5766731541060501,0.7771504364263704,0.4821383765312452,-0.6994890803654651,-1.070015489603004,-1.013109061005644,-0.5661121992688978,1.2397948561922418,-0.1720194037291631,-1.0401755461991213,-1.092436809494158,0.15510369864554585,0.22506221301110055,-0.08357567076482432,1.6358632705486338,0.2671711453031946,-4.99380475856301,1.0541979112867303,-3.8657566309223568,-0.19621795365726036,-0.6037452201723973,-0.40501994070012814,-3.785819357527378,0.12757317682717742,0.05899083182598455,0.047215144891251275
-1.9335968818272675,-2.0626274607385073,-2.984496715395412,-3.1156764556718453,-2.283156018312326,-2.352623978803634,-1.453034416076474,-0.06899069305295567,1.0450698218881915,1.6609200243428688,-0.55227942211379,-1.477140572832658,-0.7533652970131622,1.7904941406325914,0.37883929797369553,0.753085843495262,0.8142654028693805,-0.7412894186839598,-0.7773363349867657,-1.013699061106464,-0.027924981081078253,3.1955511574097137,-0.5815461021776999,-1.0687963343181155,-0.3061449043806641,0.8822032844686665,-0.797462086343612,-0.2550875659541769,1.3919322234807348,-0.8015847294977035,-7.384215556448134,-0.7798442346406015,-1.3847989222027317,-0.882595423152496,3.3995768195057225,0.5288325318446087,0.2635100956344852,0.6096092586115119,0.4079091380017794,0.16796258623602683
-1.8828188349456412,-2.0082311262650885,-2.9536710875600707,-3.109562435458064,-2.5165066075365434,-2.766229622260211,-2.0158923359358316,-0.11309044354272144,2.3461635970729806,1.5109655413840264,-0.27795296520825885,-1.2515491188548598,1.0387677254335979,1.2953467999466035,-0.22931702623425204,-0.20957654177946725,-0.8856884031202733,-0.6709741762579786,-0.09672214547425348,-0.2992619588676504,-0.5348634623892444,2.2720623725330187,0.06448801481130675,0.7616722186113315,2.6177601607491043,-2.4766912379698587,-0.8932599817808703,-0.351841545815289,4.399601848215835,1.8750873924085458,4.552546266225309,0.5677463703853318,2.2090395860473113,0.23627817068121462,-1.282124358006601,0,-1.269895493181325,0.7226047633824885,-0.34538676474277447,0.4079091380017794
-1.820695947386602,-1.9336683341976337,-2.1315481556501514,-3.083779837842322,-3.161857576328741,-3.1424429398700755,-2.7018900001150925,0.11030294501165822,2.7787765531010584,1.5545303209527355,0.13852542068395202,-1.7550553816751269,-0.454812090272177,1.7922903494053877,0.5926778340129915,-0.6449470144844742,-0.5562058923182682,-0.2845380268708241,-0.009800471682956823,-0.16885850432817792,-0.2040684375794241,0.9975494348146393,-0.9994271995543793,-0.040972752341558824,2.950215573849087,0.01092660924388988,-0.6141452025661209,-0.24431658700039077,4.399601848215835,5.576330718201475,5.5458718610086795,8.193541362209912,4.629825750769608,0.050254610637680955,2.556495314374457,-0.7573186861703133,0.4712468413614319,3.51748913582117,-2.0844083391051225,-0.1745792420112882
-1.7487896070042852,-1.8393352547888169,-2.0133886730862667,-3.025806827542614,-3.132607937012228,-3.3140233088863345,-3.154926931913532,0.49520685032481815,3.513554056125864,2.1793053174194066,0.00252416989591052,-2.4821329003847756,-0.4549020692360483,0.5672268984487548,0.8144276842449698,-0.6848717618523918,-0.32320002799580405,-0.2171892905506351,-0.13308471339859043,-0.4753237630006906,-0.5311012303919737,-1.9965429724509132,-4.347268247866082,-1.7321534614518117,2.2069357661899396,0.7338983890108512,-0.5355542859981095,0,0.6780812492702875,4.578228683463762,2.2783645353307964,8.133931429071144,0.21384429271784527,1.5281217773717573,-0.07387394371886097,0,-0.026362703797934994,-0.239105954544627,-0.42192271227146155,-2.011477948341653
-1.670496547549433,-1.7298324403514223,-1.8578654867032252,-2.138487350970721,-3.0133673493988447,-3.340514610745194,-2.823513335261826,1.1219233953164491,4.300823986105061,2.976373510555515,0.5952947631207051,-2.360680376190241,-0.4536102747933348,0.2819059526459479,-1.1114925308751684,-1.621880172481871,-0.5043978972346225,-0.832807957225309,-1.7624386900937912,-3.224832106439939,-0.2376007142939645,-1.6214575981322936,-4.4064140529738385,-4.575383168709435,-0.34777969382577506,1.4876656758955542,-0.07695371732224175,1.4006506029380428,-0.6224372797250683,3.218707104915722,-1.9884345893619473,-2.8068148683345817,2.6154174142467035,0,-0.3797860976011281,-0.05272540759586999,0.74646977211704,-0.5244724455763468,-1.7011915075493855,-2.079972767905802
-1.5908542328398194,-1.6145708713734825,-1.6806348285259105,-1.857626165166987,-2.783808579602131,-3.1027205655697996,-2.237535751957338,1.5880314654468712,4.152528414299048,1.3412722747902328,0.05301988198639214,-1.9577448821830579,-1.1717988994845487,-2.3075466087030745,-2.8498116122534385,-2.266650791958538,-0.5797623412655593,-1.3308694623297967,-1.8266087590976912,-3.224832106439939,1.669418051889898,1.1719572905186002,-1.317702228692501,-1.0047669763621976,-0.4056630029038469,0.4133346881138967,0.3339921145791898,-1.4167123278965301,-3.389280353713648,-1.6151890689999235,-6.304927602353928,0,-2.8068148683345817,0,0.2263579707645186,1.8481369138332906,-1.1548110008800425,-0.9008924349589049,-0.7677983169151453,-1.8824089014993337
-0.9577815569205975,-0.972499273585563,-0.9656675689166333,-1.5612027636696972,-2.466697265318149,-2.8325352867139553,-2.240327504290911,1.1300049351120216,3.322088581761685,1.8234394308180744,-0.1049058900357008,-2.997645109571828,-2.5978264733321113,-2.521512240704547,-2.8452042565777265,-2.8891736844583225,-0.8373385973383357,-1.0218712107065135,-1.9754479215955671,-3.224832106439939,1.669418051889898,0.56367562565465,2.2640261864741977,0.1622300343607378,0.02069162677717493,0.45721067167615936,-0.2609345653517504,0.4337434125331849,-2.4625852367604395,-1.0378440728059095,-6.304927602353928,4.9238796801783,0,1.5180157192654467,2.0557306049031765,-0.08351854857896479,-1.5397480011733897,-1.1548110008800425,-0.8192318115987697,-0.7916028287650135
-0.9791494379384685,-1.009055263245149,-1.0248314254179405,-0.9569612118014172,-1.6231800415071775,-2.5526806469134606,-3.1237929465223164,-0.06672374802186666,2.654162891096105,1.196896716193655,-1.6136438921136118,-3.248000502290321,-2.693132041735383,-2.4328553172097402,-1.9614070198217248,-0.880690050913361,-0.6048137059511828,-0.6041249141909142,-1.103115264747742,-3.224832106439939,1.669418051889898,-0.054728113544859805,0.0425225627872039,0.2514055213723211,0.02069162677717493,0.29363072139983903,-0.7102904472572452,-2.3571443714652935,-1.1085209270087393,-0.5122933648465714,5.5226333794162406,0.9007847654800992,-0.852009206079878,1.286518822054066,0.428867855311176,0.26122886638963383,-1.53974800117339,-1.1548110008800425,-0.8448970497887579,-0.8112845997784762
-0.9983731447555486,-1.045996724143433,-1.0992637974903645,-1.0657610353932945,-0.6925954945336313,-2.4900220584677677,-3.4583835769326234,-0.7740263057066948,2.0609279413788224,-0.3937619346763279,-2.7416666851597724,-3.041201077223256,-1.9344791162090924,-1.6277296827522283,-0.2125714370182012,2.1789953104267994,-0.3803783376097639,-0.4681180011319925,-0.6877098116625115,-3.224832106439939,-0.7087250081810714,0.11405440929698275,-0.00014733158789273813,0.1477870551746409,1.2816550569902752,0.044235114458123254,-1.4667984455060687,-3.4099215081968173,1.2224226469442037,0.05450630764253604,-0.05272540759586998,1.0687107147217074,1.1753408320684982,0.8215926468459275,0.7247294895849277,0.4065712856105789,-1.5397480011733897,-1.1548110008800425,-1.1548110008800425,-0.8245763280974743
-1.0124885452372476,-1.0758040681756629,-1.1735601799552402,-1.2413249841696792,-0.612282981644807,-1.616354853260535,-3.423804281303929,-1.2218988468922154,0.8111033879955276,-0.16615926927871416,-3.3678840440533215,-3.432347481902805,-2.9143689216441846,0.308810413120608,2.291044113971791,2.015100951923448,-0.380378337609764,-0.6133935158062386,-0.6734148043777267,-0.8880321324626425,-0.7087250081810715,0.06198745875912926,1.5905017992169965,3.574559575644449,3.540801392356269,1.4462832688915368,-1.1633648779814307,-0.9605820936717961,4.8755568389639015,0.9344996675755124,-0.07586664265698323,0.41619531616445,0.9819009411382871,1.5560104670969426,0.8370367218852844,0.39127430453726614,-1.53974800117339,-1.3411704563369649,-1.1548110008800425,-0.8327474571408173
-1.0187850628987987,-1.0895623176251223,-1.2123102407269495,-1.3793393090373194,-0.5403535742658537,-0.5816306767474538,-2.675306255689144,-0.553339843918773,1.3670034269560238,0.3058589919757855,-2.962646602687497,-3.2244354083252067,-2.7523096229151136,1.1003381087008697,3.2670616747441166,1.6026849953514437,-0.380378337609764,-0.630446686404692,-0.6550093580932478,-0.8880321324626425,-0.7087250081810715,1.0332420886539901,2.389135722015402,4.295727410151243,3.133197289546314,0.4247551885463289,-1.403332062003687,2.381157390674044,5.310028669237193,0.9344996675755124,-0.05272540759586999,-1.4691120375090676,1.158051312882496,1.2788740750464769,1.0801797858955748,0.7284748350846776,-0.5020255527037689,-1.34796302860936,-1.1548110008800425,-0.8374151012850872
-1.0159734954548663,-1.0824631693440987,-1.1894024974415989,-1.2877589624304502,-0.6379287191310241,-0.7304559905063838,-2.0204853306056094,-0.2486159631038323,0.9881157478535232,0.019210910396905697,-2.2136116352110258,-2.7144633901774458,-1.5389776798352381,-1.2210172147979594,1.067921118862037,1.1949474417863037,0.38424604125316286,-0.3803783376097639,-0.6461776421584069,-0.6481562106499142,-0.7087250081810715,1.420969318706939,2.720360579873068,3.0115251654877033,0.8581114399400782,-0.8306891533550127,-0.8698011555244882,5.755093892089216,5.755093892089217,0.9344996675755123,-0.05272540759586998,-1.2092237805709385,-0.24703909947023142,1.1173366032719243,1.0607023327446914,1.9640086418321527,0.40006827956760566,-1.53974800117339,-1.339011662718678,-1.1548110008800425
-1.0048283100656177,-1.0576152864205632,-1.1231123888501549,-1.1133883636134363,-0.7251764724445273,-1.0199996793982467,-1.7467655221607343,-0.24129839736757897,0.29211833738251153,-0.3887160606158641,-1.8696533814934193,-2.3565912463451784,-1.9683183780852453,-2.5665280575729446,0.29774569754658026,0.6877792275803802,0.38424604125316286,-0.8880321324626425,-0.6419169321446146,-0.6447175323965533,0,1.6563263373905046,1.578907957651943,1.5420454902483791,-1.409174788233768,-1.781578407479779,0.7416310417118834,3.1230810335577526,0.9344996675755124,0.9344996675755124,0.44081374796804756,-1.179484035017385,-0.45691094000626176,1.046238310370391,1.031757025447222,2.0964121771328212,0.3975571254616391,-1.53974800117339,-1.3429903786906803,-1.1548110008800425
-0.9877606326649898,-1.0233679486561238,-1.0497641206690385,-0.9945961667227423,-0.7611274434140596,-0.5747166511070704,-1.6587866017891513,-0.32608663016761164,-0.27892040523162703,-0.758149303174302,-1.7826313130887497,-2.3112242963033522,-2.004590780761884,-2.2577305290575493,-0.15565542100209656,0.5125364383991173,1.6406966342214582,-0.8880321324626425,-0.6396171442183869,-0.6422409212582315,-0.8880321324626425,1.0956942631603177,1.08615738356133,0.5381389368078366,-1.530388062436835,-1.0965999052351558,0.7792478163296512,0.9756193305780115,0.9344996675755124,0.9344996675755124,0.49869202547325364,-1.1704413162365876,-1.187610721613838,1.008004791507471,1.0067770303359367,0.985742125091359,2.000272954946423,-1.53974800117339,-1.3457005760846243,-1.1548110008800425
-0.9677051923373865,-0.9876852858449294,-0.9886759659869216,-0.9262777255103901,-0.7763609309840477,-0.6458102719096389,-1.63915188590083,0.8265190643106729,-0.4257082178963295,-1.0124025450219796,-1.7429126774839376,-2.395080452813204,-1.811911623292561,-1.99106963949055,-0.18568161667238853,0.3572299239271123,1.6957417097890262,0.38424604125316286,-0.6382460299971672,-0.6404882767068328,2.0343997908200073,0.8972861770905503,0.9614023042416395,0.19106424967840305,-0.9211832762799984,-0.4542198821677375,0.36370629318617187,0.9756193305780116,0.9344996675755124,0.9344996675755124,0.9344996675755124,-1.166345507893781,-1.1786502707672966,0.984452426198788,0.9874777832636671,0.975812841789696,2.0586927946827496,0.27601853524839043,-1.53974800117339,-1.342189549393884
-0.9471446628890328,-0.9552593488200711,-0.9429206330865625,-0.8862673840994557,-0.7836216489324495,-0.6898602546139854,0.5143105810870545,0.775069748142091,-0.7133655825078244,-1.1705832089298227,-1.7009661598487884,-2.4799562163577797,-2.015026757541838,-1.864393534703896,-0.11533158135342186,0.26832671252135626,-0.86170549968121,0.38424604125316286,-0.637363372907654,-0.6392343416091687,2.0887541906164073,0.7250627082658786,0.7289444041166666,0.14118542768660847,-0.44844298302157254,-0.2350497381698166,-0.06989517266967903,0.9756193305780116,0.9344996675755124,0.9344996675755124,0.9344996675755124,-1.164073939167854,-1.1730767798623045,0.9685776978071076,0.9728107747213277,0.9665305600571885,0.9562951629185055,2.013842885641204,-1.53974800117339,-1.3440631940738585
