example/public/wind.json
{"header": { "lo1": 89.2, "la1": 31.43, "lo2": 103.2, "la2": 39.25, "dx": 0.35, "dy": -0.1955, "nx": 40, "ny": 40, "refTime": "", "parameterCategory": 2, "parameterNumber": 2 }, "data":
[rows 0 to 20 of 40, columns 0 to 39 of 40]
0.6447500375435218,0.6778221217855865,0.712853995414677,0.7478255398351916,0.7789352550491225,0.800097087823101,0.8033421282670526,0.7811682327468806,0.7307674198998436,1.265024751745013,1.0744996506862559,0.5290768704272251,0.5273784169200761,0.1951152627303059,-0.3041702025307454,-0.12493901772863301,-0.26795771562136894,-0.24062662379926,-0.9461810710442223,-1.624083435506793,-2.311439025528687,-2.390349309241257,-2.390349309241257,-1.654297844532834,-1.7457795084052885,-1.802362564767287,-1.8258796442171932,3.497952609572585,3.497952609572585,3.497952609572585,2.390123583667313,1.114132777694871,0.7193687082228686,0.6801837037259056,0.3750950106322374,0.3756131222395835,0.37775778578360797,0.38026345822593793,1.5074015392956004,1.5690311800371302
0.65344261025544,0.6907284033178376,0.7315206686572547,0.7740378584461796,0.8142738598152003,0.8449040095198891,0.8551232298179774,0.8334918973569808,0.7746711573747369,1.3092496836037653,1.0909190669350506,1.3097992012756055,0.5092596497210352,0.5170097579027917,0.08326003787114424,-0.1303602392303945,-0.11716982823024218,-0.23193207022067724,-0.8225264218075886,-1.7249899429974676,-2.3103413477022006,-2.390349309241257,1.2593322669219582,-1.637678976415452,-1.7718761581573994,-1.834667739284698,-1.8508132417921699,3.497952609572585,3.497952609572585,3.497952609572585,2.39537296479215,1.129671375131597,0.7214374335005546,0.6676474657116628,0.37045899376705305,0.37230961604134727,0.375737003910069,1.4585103365282024,1.5535396818872615,1.6115533716222776
0.6607977851656814,0.7024170558842847,0.7494524472105604,0.8006651930034843,0.85221304666593,0.8956601628687398,0.9165540890612272,0.8972914607391115,0.8278315845047125,0.7173763972966819,1.1137510482263757,1.2843075246469173,0.48702824132265604,0.48949875752741867,0.061631376039000305,0.32471606398112884,-0.1268986561572156,-0.23069074826961927,-0.15664153441413584,-1.754377136672765,-2.321141950075239,-2.390349309241257,0.44731688069279657,-1.6187341476334116,-1.8249321957375872,-1.8806928147398152,-1.8804051230032843,3.497952609572585,3.497952609572585,3.497952609572585,2.4085757561503334,1.1554546323402946,0.7244444111278227,0.36653445720031624,0.3642605566135846,0.3685657678022089,0.3737656778563645,1.5189460754547686,1.6110398569100615,1.5462510084536925
0.6663834993745184,0.712279554906428,0.7658481083115726,0.8268032380099518,0.8921056652466507,0.9527726081396098,0.9900156282361997,0.976583823091851,0.8934533538542061,0.75330192620223,1.1446649852909694,1.2606589476468004,0.4603749610205747,0.45127742980991264,0.4933710910258917,0.5226760061446313,0.25698336688059015,-0.2676206964964755,-0.047043914197621724,-0.577230493164242,-1.249263641342895,-2.390349309241257,0.40297444142929656,-1.6132799909876208,-1.9301772230512642,-1.9406290510506496,-1.9125100275346405,3.4979526095725846,3.4979526095725846,3.497952609572585,2.4392495354583636,1.4816620528831106,0.7290875309620023,0.35532787031127633,0.3560389563722359,0.3646654069587178,1.4392042977598574,1.5997894927153928,1.5734923243521888,1.5443843327792037
0.6697296321125049,0.7196038476017307,0.7796750408385164,0.8511030232597869,0.9326254815299105,1.0160663234049814,1.0783545475062792,1.077387130096078,0.9763654612430431,0.7930191677579966,1.1848432801089461,1.24273627390743,0.43019323005983656,0.3976938587144737,0.440321554096054,0.5627283995274786,0.41999089426293085,-0.377418767775952,-0.39085166707218,-0.662858799239782,0.46841577663616496,1.2593322669219582,0.1409109675963989,-1.5849439143188742,-2.1065309807789885,-2.005550499145986,-1.4590734231565372,1.9706243548854765,3.497952609572585,3.497952609572585,2.827218513516547,1.4975865549979905,0.7366217409086996,0.33475660693866915,0.34589518211790266,0.3613301700759609,1.5568383053503685,1.6168542658748446,1.5728364896847165,1.5402478369478632
0.6703523363622593,0.7236031034081934,0.7896765276284324,0.8716805963121521,0.9714166903634784,1.0840778935497075,1.184545083363827,1.2090441523079178,1.0841539558595459,0.8348585410247906,1.2336067083474895,-0.19479413084436897,-0.07791434562802657,0.3239272795767972,0.34945492220539365,0.5468162996224307,0.5219800774270569,-0.18066959168705957,-0.6226025421305506,-0.043219021073215555,0.9836478768996894,0.8943256158204429,-0.5417576582616047,-2.945288946549842,-2.2717139727490108,-2.261960345223814,-1.3616826264162902,1.9243815940599724,1.9964174907019379,3.497952609572585,2.843529343259919,1.526608454819174,0.7468978455992469,0.29169974206211347,0.33648746417763586,1.4106525102264038,1.7254101437835634,1.620776700438548,1.5684298295228951,1.5331420478680133
0.6677916392045776,0.723467781315017,0.7944290245107644,0.886098163058725,1.0047147510179375,1.152818452941933,1.3103454951219435,1.386584110094093,1.2292890302178945,0.8731298893814649,0.5342494979216481,-0.23888848759027845,-0.09012119794934435,0.23260487679406192,0.1854786519625012,0.508018839703225,0.9354235082204999,0.25569788883298794,-0.8183671616395772,0.08185749033319471,0.5661169755123562,-0.003657922138991696,-1.7188602887757685,-2.5051098388622792,-1.3247039058970547,-1.5207881319786833,0.5022148520493269,1.8628929915072368,1.8553373227993986,3.497952609572585,2.868306540404538,1.667771800973373,0.9152446289581209,0.22168723504573093,0.33575273734376604,1.7058909214335956,1.7116593938599527,1.6183582140010282,1.5585649550021474,1.5223693757323553
0.6616567183615656,0.7184488172495735,0.7924736510373762,0.8914998717476795,1.0271369899409248,1.2139333396086018,1.452197434636285,1.6347066719800316,1.433194998386922,0.891185738869537,0.4483223984424961,-0.3157053222740906,-0.12236939174418916,-0.010711521312935634,-0.11894816697963968,0.6112619673916615,0.9245461964762776,0.34376753747954203,-0.8223222089774308,1.035424561719117,-0.32715878233238066,-1.3559190410782302,-1.0675179496801142,0.21425578405610243,-1.260785722758261,-1.32699869137455,0.9465063474650884,0.5022148520493269,1.6335912849130438,1.5519943357207457,2.0625937969283052,2.030626332896608,0.43677987012919534,0.3148836056101767,1.4241222719638533,1.90212556245844,1.7242307080977748,1.6045681353750492,1.541397220026278,1.5074088972270359
0.6516784036761146,0.7079628966466246,0.7825266348736525,0.8849878730844452,1.0320279811540325,1.2529721940923686,1.5906817878460071,1.9908085688506878,1.7324326711413072,0.8433917314589688,0.2884253894209766,-0.4458295651332819,-0.2133036605018487,0.07908020459340254,0.12461919163019965,0.7248488608172976,0.07132586095147546,-1.2691366980629486,0.6686477999721422,1.451673876412389,-0.8419639420828747,-0.9163826452662436,-0.20757988245907774,0.510621000194399,0.7689763403156041,1.2543050617244442,1.024898766401066,0.9458182454620739,1.139918985509859,0.9256950961319688,1.5872350665799795,1.3660776676536164,0.14677689781761513,0.647097071728078,3.231417891654184,2.0166317460918637,1.7099273601467604,1.5730122336196244,1.5155706134240872,1.4881703075237345
0.6377588863556005,0.6917030169320452,0.7637444510699051,0.8642609747523043,1.0128425883901024,1.2503392458161688,1.6720877950536792,2.465147345325835,2.1562660611378575,0.6209500778811019,0.014861279420017038,-1.7846831255513378,-0.45309574284444004,0.13624741237179644,1.2467993002027753,0.8568864003671117,-0.5021646758021774,-1.2691366980629486,1.0446891547729267,0.34043363966875767,-1.2191125822307256,0.3195625276001035,0.5509126702921925,-2.8318874638044482,0.7372828799004534,0.819189043093571,1.2992395406983888,1.2992395406983888,1.4774929931545147,2.069287811017847,1.6158646388372129,-1.202215554951779,-0.05502699766710206,-1.3611915116999231,3.231417891654184,2.111486218819135,1.6337990897866794,1.5190323967127202,1.4812522666231709,1.647064019262604
0.6200065048824647,0.6697342891434854,0.7359815195332352,0.8283792335512388,0.9655981050181052,1.1888235838775127,1.609159754968937,2.670221558084078,1.7752228433899624,0.052588243905907106,-1.8091340260880628,-2.2749836119522207,-0.926444056431981,-0.2794148550677684,0.6693184151062782,0.4196547254820272,0.018799688372077097,0.38743909972169327,-0.02803802378758772,0.3750588766035359,-0.7968517256243169,1.3536688227552438,-0.25006336889039876,4.398342693936534,1.3529518598855605,1.0808264103945946,1.2992395406983888,1.2992395406983888,1.1623937714459591,1.6066119362091358,1.7755466884296847,-0.5373485378047301,-0.3305644180245884,-1.7521133480973514,2.3319280287437048,1.7167343958915278,1.4706524933159757,1.4459884356994308,1.632807622934502,-1.0559185627974692
0.5987498032493581,0.642536210823206,0.6999433794195462,0.7783364570370701,0.891313799588613,1.0663736503302945,1.3629443290205072,1.8177340886103535,-0.21557834186833977,-1.11228319866928,-1.032338114686209,-2.2417780067919484,-1.598704278437032,-1.128891176157126,0.018740574846567108,1.6427309011103286,0.7177890749716185,1.2256943480549627,0.680747449691331,1.5729954665026817,1.400298497680103,0.33914227587442564,-0.1424646420116849,2.5921371341212467,-0.5039144256153606,0.2027199258303464,1.2992395406983888,1.2992395406983888,1.1271233463167922,0.2875213065102527,1.7499643721238451,1.3972624752639315,-2.392662060209443,-0.6264264393335763,0.4651511720794063,0.7813302842804978,-0.8152020789705906,-1.305264923851454,-1.0442054492065638,-2.060998786210831
0.5745219444097254,0.610981307275298,0.6571644867662675,0.7171058388860259,0.7966327119267551,0.901751356658288,1.017124676547576,0.9034861156808894,-0.48792316410688374,-2.468612746942606,-0.7317755405272713,-2.22151597904075,-1.8460995150054331,-1.6753736714052796,-0.1560489154352423,1.7798193846760666,1.5946369597327614,1.12736495176502,0.0919905865901065,2.295543784445464,0.19292493720058426,0.18110127898671904,0.06098063909994864,-0.42156210231699887,-0.23196552694508055,0.7309249290152329,2.399981894378837,1.2992395406983888,3.3742991129098012,-0.683994175234232,2.5999360575286175,0,-2.7590258727785715,0.6698866041740227,-1.2649208900584494,-3.636738928690222,-2.030585341473827,-1.1009326584185637,-1.8693046789246217,-1.9175734762974814
0.5480148892113669,0.5762418100593832,0.6097902174321478,0.6490483844994864,0.6918026530599262,0.7245861158108823,0.6851191646676479,0.31486370685387904,-0.7976611703017222,-0.6452460062472392,0.05900411776373438,0.3744693125007824,-1.6000056602032688,-1.5233814750155672,0.3166165934331411,2.2629202316203325,2.5033066851700525,1.7324756941226411,-1.0714941046553703,0,0.19292493720058426,0.19488805696655023,0.10387458398256165,-2.610032657565802,-1.4295955903079187,0.85118229721879,-0.42402144072766856,-0.774002892454556,2.772658328988346,6.7364539277664495,1.5914413760171127,0.9115722534091787,-1.7140045503246728,-0.9729072153276487,-4.357915586214455,-5.245222142324,-2.8809707872162487,-1.4762908108855226,-1.5819607287411985,-1.769854919232434
0.5200167280897074,0.5396478436752211,0.5602312212601043,0.5789321426596316,0.5873002073505973,0.5603704523972125,0.42435040543258495,-0.3199195822994812,0.0957429798238672,2.249603181962266,2.942440640450384,1.6335057260226657,-0.7677459290430525,-0.953009554992557,0.7322301305149643,1.919866225754779,2.631473360120329,3.1240608589488916,1.8926929278135574,3.644745000833897,0.19292493720058426,0.18268274546774266,-1.3085310649283257,-2.3863317104650883,3.706259067966912,1.2156025957701906,-0.5896002959482425,-1.952501754410997,-2.4495094509995035,6.7364539277664495,0.43920410801954024,1.931249526444907,-2.8368755898143476,-2.0988559150184267,-2.4400434552580967,-5.0691869387579604,-0.8854255207419264,-0.7017763703626554,-1.3004243238615896,0.14393938575094276
2.562802637759414,0.5025313526604488,0.5107981440165235,0.5109883357543775,0.4911505020637646,1.9863034886856294,-0.2789370182959811,-0.12884524120782506,0.5806130615760197,2.553356298614043,3.5088343398252633,3.5312271044756622,0.45041124491166135,-0.22370998555739605,1.2712397834734435,1.235571794706698,2.6846310661687927,3.263376255492497,2.076966246213236,1.986073533043951,0.19292493720058426,0.18217160283290576,-2.4696316976102386,-1.300437000572537,2.779439109105083,-0.9794215671631407,-3.223728773635741,-3.4899486360241365,-2.1267419604424753,2.006033148804055,-2.7905331188935714,1.0433694512845297,-0.030231544392095622,-0.49615973940972197,-0.9587939635409565,-2.7741949845111216,1.6755026622938554,0.7181582724591661,0.3290341596803223,-0.6285499531774946
2.623956768093617,2.589592634424232,2.538931986089048,2.0064985592092133,1.9965943298918776,1.9791185891738985,-0.2028819802571939,-0.0187290596332968,1.3911043679000985,3.0342298649309374,3.7884022903516397,3.736063834257981,2.645707496124263,0.2727971263653693,1.1191863501711419,1.2338702306918408,2.499850562260382,3.0354558808129624,2.2415822837486115,2.4010951344515683,2.9172567838101533,1.9990009396445818,-1.938166192319193,-1.5345163300298128,-0.1471638191704338,-2.715810108548932,-3.6661754481809288,-4.241021602557731,-2.8497608537969925,3.3183454828307477,-2.2838960421358525,-0.08425584064913869,-0.10023587906535641,1.1912537738974984,0.514066114025251,-2.9172825926876893,0.013349456866307284,0.6288036773693326,-0.1935623560669684,-1.0482604254144638
2.6929080113140267,2.6709364483703535,2.6338869899003696,2.5752732646611385,1.9905990589588993,-0.2371497263872689,-0.1507953954415045,1.194853504292333,2.9519698777801433,3.2467648711880326,3.7467695600297684,3.1973907804760886,1.5427726745346828,0.34652157946780876,0.5534414054128747,1.2694506802296968,2.3802448801960816,2.948646294642515,2.287861976466893,2.6556049588329964,2.9172567838101533,1.8286343996960834,-2.0265681341345037,-2.725702905725482,-4.648196627222607,-3.0205363279825423,-4.0397967014802205,-0.796425760460336,2.0744127251030164,2.429717088944522,-0.11573596777709123,0.26785791362887607,0.42353755112776864,2.0191225710415863,-0.4812350466563937,-4.913595286003908,-2.9327044755779252,1.6937273123430656,-0.8546673178502272,-2.5371052108739383
2.7685863226285026,2.762619736760875,2.7446574732091946,3.511404075798328,2.0767902709095125,-0.20715903486909742,1.127029224260704,1.3434854056981214,3.161026286000497,3.3393627294258446,3.2817656984722268,3.1380503712013965,0.587512527557808,0.03754260750678248,0.03625728635136158,0.8897709694255554,2.354382066051777,-0.0327232655549602,2.615499520327495,2.772772842206596,2.9172567838101533,2.0292648465793732,-2.0247050911495656,-2.966843506726634,-6.275222019284575,1.4673947103969502,-4.725292674188835,1.679974554496511,2.0744127251030164,2.398795820939387,2.6044999885451476,-0.7295072522105053,1.6657925741740744,1.335818420083437,-3.2171906667383943,-2.559709798972328,-1.3351268771494105,0.2753086481249975,-2.394799085901346,-2.700438901991443
2.294846416951515,2.862292892515183,2.8681206424058603,3.554144336834811,1.671421988267491,1.5097007727818168,3.301313442490897,3.1443381334867837,3.224156484251675,3.353247688880553,3.1575055229580755,3.2280917572153394,0.17219336342286445,-0.8550260693345936,-1.6371518591580232,0.47179142216640435,-4.672346577771016,-3.933072968064295,-3.031877537561203,1.1302618604908738,2.9478569426530035,2.0187911515367647,-2.0281097983286895,-3.4691872062234324,-6.229174820602194,-1.6393094804549047,-1.7440630459746804,1.4282241973874206,1.900651476847651,1.5953466190924506,1.801150327668292,-2.9201918867792465,0.6227953512112536,-0.005610475480210305,-1.4465763334320572,0.7935278696426458,1.4610842066863035,-0.14881443359736876,-4.486354197915203,-2.607325512898146
1.240500938362195,1.4410085711143457,3.6132828714130794,2.6047658814412764,2.0363925970882892,3.484832713155901,3.416657045784336,3.1849023790580175,3.25815653070445,2.942595748339288,2.474890234048176,1.8787278955850037,-0.2712742752504424,-2.4850149527636445,-5.130423133209341,0.3818192390674493,-4.583625916085637,-6.354539402392717,-4.682654495919731,-0.3166303826967012,3.0616485001214175,3.1184582948949293,-0.9537793513905743,-2.9949099129520556,-4.010942423067119,0.01134990577013791,0.7927943509810224,2.0956155093536335,4.618031805525121,1.5953466190924503,0,0,2.0787005965646363,0.5836005281968808,0.5811112667518605,0,0.04858617803042064,-1.4292958169996675,-4.7703034410994825,-2.546108034960151
